Sample Names	MutationType	SBS96A	SBS96B	SBS96C	SBS96D
TCGA-4N-A93T-01A-11D-A36X-10	A[C>A]A	0.0027882370333175686	0.007016397506270846	0.05075504326997021	0.9394403221904414
TCGA-4N-A93T-01A-11D-A36X-10	A[C>A]C	0.010993501698224366	0.018668543939519236	0.0	0.9703379543622564
TCGA-4N-A93T-01A-11D-A36X-10	A[C>A]G	0.006338814716181459	0.010971957737552088	0.0032004129733344566	0.9794888145729321
TCGA-4N-A93T-01A-11D-A36X-10	A[C>A]T	0.050751164332676305	0.16472273195908926	0.018556849788413887	0.7659692539198205
TCGA-4N-A93T-01A-11D-A36X-10	A[C>G]A	0.010589278432764594	0.020811326443455194	0.11897915106949863	0.8496202440542816
TCGA-4N-A93T-01A-11D-A36X-10	A[C>G]C	0.019729904971535733	0.008318659625802641	0.03135474420222249	0.9405966912004392
TCGA-4N-A93T-01A-11D-A36X-10	A[C>G]G	0.02598146693667998	0.002076392611100705	0.010189044565494777	0.9617530958867246
TCGA-4N-A93T-01A-11D-A36X-10	A[C>G]T	0.036290708606346554	0.002241760274681293	0.0021101836904673975	0.9593573474285048
TCGA-4N-A93T-01A-11D-A36X-10	A[C>T]A	0.17441558491170855	0.0027468700141312537	0.1763502583398808	0.6464872867342795
TCGA-4N-A93T-01A-11D-A36X-10	A[C>T]C	0.11482837781882897	0.04721826461756664	0.17316797652689928	0.6647853810367051
TCGA-4N-A93T-01A-11D-A36X-10	A[C>T]G	0.05212635684130748	0.010517593726844767	0.5370626008876945	0.4002934485441534
TCGA-4N-A93T-01A-11D-A36X-10	A[C>T]T	0.10923623156220524	0.055625177479835926	0.07198320234988703	0.7631553886080717
TCGA-4N-A93T-01A-11D-A36X-10	A[T>A]A	0.02839176823419011	0.01757137678186641	0.04358369095968753	0.910453164024256
TCGA-4N-A93T-01A-11D-A36X-10	A[T>A]C	0.09271050726693376	0.009269939036739663	0.0337889561149369	0.8642305975813896
TCGA-4N-A93T-01A-11D-A36X-10	A[T>A]G	0.026159358601910217	0.007221297193032247	0.010084868193173724	0.9565344760118838
TCGA-4N-A93T-01A-11D-A36X-10	A[T>A]T	0.12410116607940057	0.06992710949029327	0.07601972746502272	0.7299519969652835
TCGA-4N-A93T-01A-11D-A36X-10	A[T>C]A	0.20982409690616532	0.08192831742817218	0.05288459539550284	0.6553629902701597
TCGA-4N-A93T-01A-11D-A36X-10	A[T>C]C	0.24434615402551926	0.13721139402149796	0.12340416456741114	0.49503828738557176
TCGA-4N-A93T-01A-11D-A36X-10	A[T>C]G	0.5287125590515412	0.04539075407138303	0.03160183551281111	0.39429485136426456
TCGA-4N-A93T-01A-11D-A36X-10	A[T>C]T	0.05688342331795134	0.048686741047604704	0.03049032718609559	0.8639395084483483
TCGA-4N-A93T-01A-11D-A36X-10	A[T>G]A	0.013780329769246853	0.0970961924869474	0.008595944262218222	0.8805275334815875
TCGA-4N-A93T-01A-11D-A36X-10	A[T>G]C	0.12694912486514112	0.3050536295125805	0.0012507520200660182	0.5667464936022123
TCGA-4N-A93T-01A-11D-A36X-10	A[T>G]G	0.022668101228321642	0.09838063925522403	0.1434227965015247	0.7355284630149296
TCGA-4N-A93T-01A-11D-A36X-10	A[T>G]T	0.028707005101901228	0.5252272146421667	0.029178189166977522	0.41688759108895457
TCGA-4N-A93T-01A-11D-A36X-10	C[C>A]A	0.09727751719079639	0.025139160365673062	0.1321544442427974	0.7454288782007332
TCGA-4N-A93T-01A-11D-A36X-10	C[C>A]C	0.3412756575570927	0.009957431354462093	0.20736131154180132	0.4414055995466439
TCGA-4N-A93T-01A-11D-A36X-10	C[C>A]G	0.3258804250382011	0.020675038760237335	0.3168722245644605	0.3365723116371011
TCGA-4N-A93T-01A-11D-A36X-10	C[C>A]T	0.6716342502854367	0.222762117961192	0.10560363175337148	0.0
TCGA-4N-A93T-01A-11D-A36X-10	C[C>G]A	0.00017722825003441638	0.0009037198582486946	0.010386714501619333	0.9885323373900976
TCGA-4N-A93T-01A-11D-A36X-10	C[C>G]C	0.005422886087928165	0.003680870895713451	0.0005598396900917136	0.9903364033262667
TCGA-4N-A93T-01A-11D-A36X-10	C[C>G]G	0.0022752094982492884	0.0031946595205781716	0.07563726519151405	0.9188928657896586
TCGA-4N-A93T-01A-11D-A36X-10	C[C>G]T	0.006179059098593148	0.002333207406420726	0.024726256264576647	0.9667614772304094
TCGA-4N-A93T-01A-11D-A36X-10	C[C>T]A	0.04784403510520668	0.008287016435933407	0.11253373873264162	0.8313352097262182
TCGA-4N-A93T-01A-11D-A36X-10	C[C>T]C	0.08385238639490031	0.009246596948099766	0.10492479159057284	0.8019762250664271
TCGA-4N-A93T-01A-11D-A36X-10	C[C>T]G	0.05668263401457586	0.0033342767147946898	0.5191694320231666	0.4208136572474628
TCGA-4N-A93T-01A-11D-A36X-10	C[C>T]T	0.07788561392104636	0.026056557752373758	0.0698280410226622	0.8262297873039176
TCGA-4N-A93T-01A-11D-A36X-10	C[T>A]A	0.017068755737290154	0.007381095549015561	0.009692419611812178	0.9658577291018821
TCGA-4N-A93T-01A-11D-A36X-10	C[T>A]C	0.08911156621124788	0.011820112473797707	0.05282642694635003	0.8462418943686044
TCGA-4N-A93T-01A-11D-A36X-10	C[T>A]G	0.030126942079773945	0.006678926099491797	0.006865456134972155	0.9563286756857621
TCGA-4N-A93T-01A-11D-A36X-10	C[T>A]T	0.02938472417152007	0.016087014911364373	0.004350575337910842	0.9501776855792047
TCGA-4N-A93T-01A-11D-A36X-10	C[T>C]A	0.37072429411733543	0.010468949802995429	0.031646301067104414	0.5871604550125646
TCGA-4N-A93T-01A-11D-A36X-10	C[T>C]C	0.19666872799729496	0.03926614543906914	0.023095739933559012	0.7409693866300768
TCGA-4N-A93T-01A-11D-A36X-10	C[T>C]G	0.6230701428820525	0.0234081374204283	0.06814851442420418	0.28537320527331494
TCGA-4N-A93T-01A-11D-A36X-10	C[T>C]T	0.13559067869437985	0.011878926688335161	0.009827520313065144	0.8427028743042199
TCGA-4N-A93T-01A-11D-A36X-10	C[T>G]A	0.05771976417867012	0.21324673251538934	0.02384813062543578	0.7051853726805049
TCGA-4N-A93T-01A-11D-A36X-10	C[T>G]C	0.22182695056699595	0.049854311900877524	0.12610163485083825	0.6022171026812883
TCGA-4N-A93T-01A-11D-A36X-10	C[T>G]G	0.17210463411484148	0.08289565506643716	0.0793279194986866	0.6656717913200346
TCGA-4N-A93T-01A-11D-A36X-10	C[T>G]T	0.07925539893114919	0.18762340043483852	0.014629189030463776	0.7184920116035485
TCGA-4N-A93T-01A-11D-A36X-10	G[C>A]A	0.010799941684994634	0.007578867107333246	0.04736990949382494	0.9342512817138472
TCGA-4N-A93T-01A-11D-A36X-10	G[C>A]C	0.06249075867473941	0.04085871494313769	0.046035623198848415	0.8506149031832744
TCGA-4N-A93T-01A-11D-A36X-10	G[C>A]G	0.04453154886119694	0.008797273403648756	0.04256408046597046	0.9041070972691838
TCGA-4N-A93T-01A-11D-A36X-10	G[C>A]T	0.10063813283721137	0.13228510609199298	0.1084816139597716	0.6585951471110242
TCGA-4N-A93T-01A-11D-A36X-10	G[C>G]A	0.008561252903279103	0.018952231342944766	0.07482139987792157	0.8976651158758546
TCGA-4N-A93T-01A-11D-A36X-10	G[C>G]C	0.07140676825861628	0.026422329355590576	0.08999593527615113	0.812174967109642
TCGA-4N-A93T-01A-11D-A36X-10	G[C>G]G	0.03481456034405915	0.0	0.044517359197676395	0.9206680804582644
TCGA-4N-A93T-01A-11D-A36X-10	G[C>G]T	0.015291109912091028	0.014029881585274195	0.051676474996812646	0.9190025335058221
TCGA-4N-A93T-01A-11D-A36X-10	G[C>T]A	0.3800541813324302	0.02377383816322239	0.3230618148035765	0.27311016570077085
TCGA-4N-A93T-01A-11D-A36X-10	G[C>T]C	0.44066026286648236	0.19226156719599657	0.3547952861223311	0.012282883815189992
TCGA-4N-A93T-01A-11D-A36X-10	G[C>T]G	0.11428440222714109	0.0694458574166766	0.617891162838551	0.19837857751763144
TCGA-4N-A93T-01A-11D-A36X-10	G[C>T]T	0.3288727613197782	0.23844371136580902	0.27425643652976367	0.158427090784649
TCGA-4N-A93T-01A-11D-A36X-10	G[T>A]A	0.05966569606386167	0.007970371917199952	0.0023688926800262086	0.9299950393389121
TCGA-4N-A93T-01A-11D-A36X-10	G[T>A]C	0.1654632020495885	0.010455990040524518	0.00399439140999406	0.820086416499893
TCGA-4N-A93T-01A-11D-A36X-10	G[T>A]G	0.08105989478170945	0.0	0.014632267318755948	0.9043078378995345
TCGA-4N-A93T-01A-11D-A36X-10	G[T>A]T	0.0737792821514696	0.02480762587477825	0.005397581451338176	0.8960155105224138
TCGA-4N-A93T-01A-11D-A36X-10	G[T>C]A	0.5710183847971805	0.258879943622416	0.08204107181969685	0.08806059976070671
TCGA-4N-A93T-01A-11D-A36X-10	G[T>C]C	0.2643460015082631	0.39027451220159876	0.12127329014353411	0.22410619614660413
TCGA-4N-A93T-01A-11D-A36X-10	G[T>C]G	0.719529346379729	0.20796063539545548	0.06468300592229626	0.007827012302519254
TCGA-4N-A93T-01A-11D-A36X-10	G[T>C]T	0.21310352634243926	0.2526097595754012	0.10130553283540777	0.4329811812467517
TCGA-4N-A93T-01A-11D-A36X-10	G[T>G]A	0.003274712903986939	0.10331741544343666	0.05909837513469081	0.8343094965178854
TCGA-4N-A93T-01A-11D-A36X-10	G[T>G]C	0.11849469412919686	0.3489948044401479	0.042840669816368845	0.4896698316142863
TCGA-4N-A93T-01A-11D-A36X-10	G[T>G]G	0.03411951737489549	0.08296817425805725	0.042083480686730054	0.8408288276803173
TCGA-4N-A93T-01A-11D-A36X-10	G[T>G]T	0.10883376860910304	0.2271481342355671	0.0	0.6640180971553299
TCGA-4N-A93T-01A-11D-A36X-10	T[C>A]A	0.00011585375905359434	0.23259585806881036	0.0071672033268767405	0.7601210848452593
TCGA-4N-A93T-01A-11D-A36X-10	T[C>A]C	0.02810110531630803	0.07408538131149449	0.043789083877147084	0.8540244294950503
TCGA-4N-A93T-01A-11D-A36X-10	T[C>A]G	0.022571697682043777	0.04574004473020524	0.03296047584671468	0.8987277817410364
TCGA-4N-A93T-01A-11D-A36X-10	T[C>A]T	0.008129276305127347	0.991845736215344	2.4987479528697474e-05	0.0
TCGA-4N-A93T-01A-11D-A36X-10	T[C>G]A	0.0	0.0009629036670250727	0.01047668997772184	0.9885604063552531
TCGA-4N-A93T-01A-11D-A36X-10	T[C>G]C	0.005604062296808692	0.0	0.008298316306166438	0.9860976213970248
TCGA-4N-A93T-01A-11D-A36X-10	T[C>G]G	0.0010442822262098752	0.0027355277697104848	0.014369715857756605	0.9818504741463231
TCGA-4N-A93T-01A-11D-A36X-10	T[C>G]T	0.0007758772016844748	0.0	0.001539536225109565	0.9976845865732059
TCGA-4N-A93T-01A-11D-A36X-10	T[C>T]A	0.025438711996828067	0.017147933356417212	0.03899685335431187	0.9184165012924429
TCGA-4N-A93T-01A-11D-A36X-10	T[C>T]C	0.04878282319809024	0.1090223413119276	0.07824937373242377	0.7639454617575583
TCGA-4N-A93T-01A-11D-A36X-10	T[C>T]G	0.01771610494070062	0.3222295133819476	0.4441488027127908	0.21590557896456097
TCGA-4N-A93T-01A-11D-A36X-10	T[C>T]T	0.022036153615122567	0.20514975191806475	0.08400985337481791	0.6888042410919948
TCGA-4N-A93T-01A-11D-A36X-10	T[T>A]A	0.01995752713522054	0.014372246933039567	0.0	0.96567022593174
TCGA-4N-A93T-01A-11D-A36X-10	T[T>A]C	0.01965677301625487	0.018311481787146106	0.0034209135430157815	0.9586108316535833
TCGA-4N-A93T-01A-11D-A36X-10	T[T>A]G	0.02466916371348271	0.017823453366775634	0.0014273147516561085	0.9560800681680856
TCGA-4N-A93T-01A-11D-A36X-10	T[T>A]T	0.0036877328897502925	0.06411057802194557	0.004660241862909764	0.9275414472253943
TCGA-4N-A93T-01A-11D-A36X-10	T[T>C]A	0.19798005952128503	0.0952578684198133	0.12600381723175155	0.5807582548271502
TCGA-4N-A93T-01A-11D-A36X-10	T[T>C]C	0.21248040332206067	0.2349089706672157	0.05593353880439189	0.4966770872063318
TCGA-4N-A93T-01A-11D-A36X-10	T[T>C]G	0.3971276839930317	0.1805613559603851	0.24595087337749733	0.1763600866690859
TCGA-4N-A93T-01A-11D-A36X-10	T[T>C]T	0.11658335294582346	0.1543966965142304	0.013313292746055298	0.7157066577938909
TCGA-4N-A93T-01A-11D-A36X-10	T[T>G]A	0.0014092473103327538	0.23967127666567228	0.01765774609646768	0.7412617299275274
TCGA-4N-A93T-01A-11D-A36X-10	T[T>G]C	0.007788613629782838	0.25643357911986064	0.1395782082413079	0.5961995990090486
TCGA-4N-A93T-01A-11D-A36X-10	T[T>G]G	0.026539734560875924	0.08129992546042222	0.04791314254769549	0.8442471974310064
TCGA-4N-A93T-01A-11D-A36X-10	T[T>G]T	1.7025724231631178e-45	0.869910349887487	0.03398937100900106	0.09610027910351188
TCGA-5M-AAT4-01A-11D-A40P-10	A[C>A]A	0.006928832208873339	0.005497808448468519	0.07090407023433533	0.9166692891083228
TCGA-5M-AAT4-01A-11D-A40P-10	A[C>A]C	0.02762951491770594	0.014794242196064436	0.0	0.9575762428862297
TCGA-5M-AAT4-01A-11D-A40P-10	A[C>A]G	0.015999005614546837	0.008732008000628969	0.004541011130564429	0.9707279752542597
TCGA-5M-AAT4-01A-11D-A40P-10	A[C>A]T	0.1226211882066722	0.12549259847011546	0.02520492288592011	0.7266812904372922
TCGA-5M-AAT4-01A-11D-A40P-10	A[C>G]A	0.0253546650169973	0.015712176044977235	0.160148909620491	0.7987842493175344
TCGA-5M-AAT4-01A-11D-A40P-10	A[C>G]C	0.048202717561438034	0.006408331215202801	0.04306370610990364	0.9023252451134557
TCGA-5M-AAT4-01A-11D-A40P-10	A[C>G]G	0.06336897079453539	0.0015968625132643784	0.013970374819146498	0.9210637918730536
TCGA-5M-AAT4-01A-11D-A40P-10	A[C>G]T	0.08747235618118501	0.0017037646815471945	0.0028592837079431683	0.9079645954293246
TCGA-5M-AAT4-01A-11D-A40P-10	A[C>T]A	0.3301657185186624	0.001639569622667609	0.18766548276253955	0.48052922909613044
TCGA-5M-AAT4-01A-11D-A40P-10	A[C>T]C	0.23525680414567446	0.03050338601577266	0.1994445423090791	0.5347952675294737
TCGA-5M-AAT4-01A-11D-A40P-10	A[C>T]G	0.10130731772990184	0.006445326178627996	0.5867727891057436	0.30547456698572656
TCGA-5M-AAT4-01A-11D-A40P-10	A[C>T]T	0.23396061197042992	0.0375657889716947	0.08667000339327807	0.6418035956645973
TCGA-5M-AAT4-01A-11D-A40P-10	A[T>A]A	0.06826108870755629	0.013320840445709007	0.058906929624764785	0.85951114122197
TCGA-5M-AAT4-01A-11D-A40P-10	A[T>A]C	0.2042196986882972	0.006438587726115873	0.041841289394456575	0.7475004241911303
TCGA-5M-AAT4-01A-11D-A40P-10	A[T>A]G	0.06385074240475407	0.005557751751762295	0.013837916231091022	0.9167535896123926
TCGA-5M-AAT4-01A-11D-A40P-10	A[T>A]T	0.26098743318591633	0.04636970959954291	0.08987349959694738	0.6027693576175934
TCGA-5M-AAT4-01A-11D-A40P-10	A[T>C]A	0.40140835217376813	0.04942084235560788	0.05687505623362331	0.4922957492370006
TCGA-5M-AAT4-01A-11D-A40P-10	A[T>C]C	0.44316642915509274	0.07846872367849125	0.1258208960224147	0.3525439511440013
TCGA-5M-AAT4-01A-11D-A40P-10	A[T>C]G	0.7388248299291046	0.0200001990966802	0.024825372565375644	0.21634959840883955
TCGA-5M-AAT4-01A-11D-A40P-10	A[T>C]T	0.1327168681433598	0.03581757429251554	0.039991168629253025	0.7914743889348717
TCGA-5M-AAT4-01A-11D-A40P-10	A[T>G]A	0.03488923457562832	0.07751381223419304	0.012234522749021218	0.8753624304411575
TCGA-5M-AAT4-01A-11D-A40P-10	A[T>G]C	0.2843987655963457	0.21548609837207586	0.001575182287200476	0.49853995374437793
TCGA-5M-AAT4-01A-11D-A40P-10	A[T>G]G	0.05357291475398246	0.0733136493687264	0.1905504284155545	0.6825630074617366
TCGA-5M-AAT4-01A-11D-A40P-10	A[T>G]T	0.07667145454025315	0.44232155367333453	0.04380924435908048	0.4371977474273318
TCGA-5M-AAT4-01A-11D-A40P-10	C[C>A]A	0.20601165948676164	0.016787079875143246	0.15733404431873632	0.6198672163193588
TCGA-5M-AAT4-01A-11D-A40P-10	C[C>A]C	0.5380291650574903	0.004949859738673164	0.18377644577847216	0.27324452942536437
TCGA-5M-AAT4-01A-11D-A40P-10	C[C>A]G	0.5070564940583081	0.010143538295353402	0.2771684919318368	0.2056314757145017
TCGA-5M-AAT4-01A-11D-A40P-10	C[C>A]T	0.8382425690092299	0.08766440328592374	0.07409302770484642	0.0
TCGA-5M-AAT4-01A-11D-A40P-10	C[C>G]A	0.00044929885660429487	0.0007224058516946033	0.01480274198702134	0.9840255533046796
TCGA-5M-AAT4-01A-11D-A40P-10	C[C>G]C	0.013702441488820575	0.0029326695174734696	0.0007952300267748554	0.982569658966931
TCGA-5M-AAT4-01A-11D-A40P-10	C[C>G]G	0.005595523001388792	0.0024773589535795125	0.10457231485611433	0.8873548031889172
TCGA-5M-AAT4-01A-11D-A40P-10	C[C>G]T	0.015431429456186507	0.001837309077702594	0.03471393018862427	0.9480173312774868
TCGA-5M-AAT4-01A-11D-A40P-10	C[C>T]A	0.10869970840138694	0.005936682792702466	0.14372917651895373	0.7416344322869568
TCGA-5M-AAT4-01A-11D-A40P-10	C[C>T]C	0.18202893863409256	0.006329246395844968	0.12804562257501276	0.6835961923950498
TCGA-5M-AAT4-01A-11D-A40P-10	C[C>T]G	0.11010040772981909	0.002042140455079784	0.5669041399798121	0.3209533118352889
TCGA-5M-AAT4-01A-11D-A40P-10	C[C>T]T	0.17316338452594215	0.018266734882443666	0.08727508639390141	0.7212947941977128
TCGA-5M-AAT4-01A-11D-A40P-10	C[T>A]A	0.04223941555118802	0.005759462167783267	0.013483724038150744	0.9385173982428779
TCGA-5M-AAT4-01A-11D-A40P-10	C[T>A]C	0.19592784322346962	0.008194618797679127	0.06529424867040849	0.7305832893084427
TCGA-5M-AAT4-01A-11D-A40P-10	C[T>A]G	0.07319446424215069	0.0051165224901215875	0.009376790033293142	0.9123122232344346
TCGA-5M-AAT4-01A-11D-A40P-10	C[T>A]T	0.0716706407098367	0.012372008178626286	0.005965240709509389	0.9099921104020277
TCGA-5M-AAT4-01A-11D-A40P-10	C[T>C]A	0.5956671369708056	0.005303966553241747	0.028584931779806214	0.3704439646961463
TCGA-5M-AAT4-01A-11D-A40P-10	C[T>C]C	0.38338465978312686	0.024135858950296053	0.02531004482049342	0.5671694364460836
TCGA-5M-AAT4-01A-11D-A40P-10	C[T>C]G	0.7979737523694977	0.009452867918416565	0.04906475896817172	0.14350862074391404
TCGA-5M-AAT4-01A-11D-A40P-10	C[T>C]T	0.28500167767607815	0.007872992714411779	0.011612430906746407	0.6955128987027636
TCGA-5M-AAT4-01A-11D-A40P-10	C[T>G]A	0.13899599100435253	0.16192174562743666	0.032284471321083356	0.6667977920471275
TCGA-5M-AAT4-01A-11D-A40P-10	C[T>G]C	0.4070958835555836	0.02884896214788694	0.13009623548406812	0.4339589188124613
TCGA-5M-AAT4-01A-11D-A40P-10	C[T>G]G	0.34132939087787023	0.05183915989456527	0.08844408567830327	0.5183873635492613
TCGA-5M-AAT4-01A-11D-A40P-10	C[T>G]T	0.1848476349858641	0.13798030810437265	0.01918080829026776	0.6579912486194955
TCGA-5M-AAT4-01A-11D-A40P-10	G[C>A]A	0.026557710087301966	0.005876497729649407	0.06548372576034787	0.9020820664227007
TCGA-5M-AAT4-01A-11D-A40P-10	G[C>A]C	0.14357329569516616	0.029599722622370046	0.059458439922761515	0.7673685417597021
TCGA-5M-AAT4-01A-11D-A40P-10	G[C>A]G	0.10447598265765282	0.0065079142030793095	0.05613755975895913	0.8328785433803086
TCGA-5M-AAT4-01A-11D-A40P-10	G[C>A]T	0.21786174031859584	0.0902972269957111	0.13201891120996867	0.5598221214757244
TCGA-5M-AAT4-01A-11D-A40P-10	G[C>G]A	0.020928409971185714	0.01460845618465497	0.10282207124335549	0.8616410626008039
TCGA-5M-AAT4-01A-11D-A40P-10	G[C>G]C	0.1589514043801445	0.01854561153334259	0.11261843732200442	0.7098845467645085
TCGA-5M-AAT4-01A-11D-A40P-10	G[C>G]G	0.08262678988866254	0.0	0.05939514816248883	0.8579780619488485
TCGA-5M-AAT4-01A-11D-A40P-10	G[C>G]T	0.03733016111822308	0.01079990475479775	0.07092108101932341	0.8809488531076557
TCGA-5M-AAT4-01A-11D-A40P-10	G[C>T]A	0.5618760853187114	0.011082542375012362	0.2684987525365468	0.1585426197697295
TCGA-5M-AAT4-01A-11D-A40P-10	G[C>T]C	0.6245550493639678	0.08592200016178808	0.28268729272686627	0.00683565774737781
TCGA-5M-AAT4-01A-11D-A40P-10	G[C>T]G	0.20355895095147908	0.03900269823828337	0.6186953299002378	0.1387430209099997
TCGA-5M-AAT4-01A-11D-A40P-10	G[C>T]T	0.5300622405410788	0.12117970801366981	0.24849485594408524	0.10026319550116622
TCGA-5M-AAT4-01A-11D-A40P-10	G[T>A]A	0.13918487216795652	0.005862609617149591	0.0031065211894276148	0.8518459970254662
TCGA-5M-AAT4-01A-11D-A40P-10	G[T>A]C	0.3356128033257225	0.006687246349262644	0.004554590393990462	0.6531453599310244
TCGA-5M-AAT4-01A-11D-A40P-10	G[T>A]G	0.1824160441435834	0.0	0.018511015112093018	0.7990729407443236
TCGA-5M-AAT4-01A-11D-A40P-10	G[T>A]T	0.1690392574809288	0.017921874022476712	0.006952067282856945	0.8060868012137374
TCGA-5M-AAT4-01A-11D-A40P-10	G[T>C]A	0.7786488591729755	0.11131021748791882	0.06289042025440972	0.047150503084695906
TCGA-5M-AAT4-01A-11D-A40P-10	G[T>C]C	0.48630774369491114	0.22638815211208085	0.12541954198481944	0.16188456220818853
TCGA-5M-AAT4-01A-11D-A40P-10	G[T>C]G	0.8726452661600054	0.0795271514292232	0.04410024787334121	0.003727334537430091
TCGA-5M-AAT4-01A-11D-A40P-10	G[T>C]T	0.4100365257379711	0.15325939253773957	0.10957883650008546	0.3271252452242039
TCGA-5M-AAT4-01A-11D-A40P-10	G[T>G]A	0.008255458380996944	0.08212711371052402	0.08375391415370875	0.8258635137547702
TCGA-5M-AAT4-01A-11D-A40P-10	G[T>G]C	0.26634383631600894	0.24734764155676678	0.05413293942121932	0.432175582706005
TCGA-5M-AAT4-01A-11D-A40P-10	G[T>G]G	0.08239527514478273	0.06317656775112396	0.05713111401612541	0.797297043087968
TCGA-5M-AAT4-01A-11D-A40P-10	G[T>G]T	0.24668327201831197	0.16234176821086252	0.0	0.5909749597708256
TCGA-5M-AAT4-01A-11D-A40P-10	T[C>A]A	0.0003081604333399337	0.19508046800606701	0.010717119727731941	0.7938942518328611
TCGA-5M-AAT4-01A-11D-A40P-10	T[C>A]C	0.06830331280775306	0.05678007365699395	0.05983369670719194	0.8150829168280611
TCGA-5M-AAT4-01A-11D-A40P-10	T[C>A]G	0.055266580631709694	0.035313439627722515	0.04536839906640537	0.8640515806741624
TCGA-5M-AAT4-01A-11D-A40P-10	T[C>A]T	0.025333728967906748	0.9746224955137562	4.3775518337063064e-05	0.0
TCGA-5M-AAT4-01A-11D-A40P-10	T[C>G]A	0.0	0.0007699048245564033	0.014934642752877682	0.9842954524225658
TCGA-5M-AAT4-01A-11D-A40P-10	T[C>G]C	0.01409944023999002	0.0	0.011736821844172423	0.9741637379158375
TCGA-5M-AAT4-01A-11D-A40P-10	T[C>G]G	0.002640308577030981	0.002180835929654056	0.020424272289380995	0.974754583203934
TCGA-5M-AAT4-01A-11D-A40P-10	T[C>G]T	0.001972290072158311	0.0	0.0022000336373627504	0.9958276762904789
TCGA-5M-AAT4-01A-11D-A40P-10	T[C>T]A	0.06153672058269975	0.013079648775848638	0.053031071943671945	0.8723525586977797
TCGA-5M-AAT4-01A-11D-A40P-10	T[C>T]C	0.11421433660998258	0.08048487263191516	0.10299026421870137	0.7023105265394008
TCGA-5M-AAT4-01A-11D-A40P-10	T[C>T]G	0.03904113730307553	0.22390541531290273	0.5502300727839747	0.18682337460004694
TCGA-5M-AAT4-01A-11D-A40P-10	T[C>T]T	0.054489117385525844	0.15995213589768345	0.1167792870952003	0.6687794596215902
TCGA-5M-AAT4-01A-11D-A40P-10	T[T>A]A	0.04944065652700607	0.01122657382535799	0.0	0.9393327696476359
TCGA-5M-AAT4-01A-11D-A40P-10	T[T>A]C	0.04868443988633095	0.014300344832959734	0.004763011875682687	0.9322522034050265
TCGA-5M-AAT4-01A-11D-A40P-10	T[T>A]G	0.060686316453132993	0.013825258808722006	0.001973866223619445	0.9235145585145256
TCGA-5M-AAT4-01A-11D-A40P-10	T[T>A]T	0.009438106219844944	0.05173687132441696	0.006704948891637214	0.9321200735641009
TCGA-5M-AAT4-01A-11D-A40P-10	T[T>C]A	0.3757524633697639	0.05700675372421946	0.13443913172746316	0.43280165117855357
TCGA-5M-AAT4-01A-11D-A40P-10	T[T>C]C	0.41417715913651554	0.14438162661826795	0.061291629960874595	0.380149584284342
TCGA-5M-AAT4-01A-11D-A40P-10	T[T>C]G	0.6002763996507365	0.08605794655521971	0.20899268522627085	0.10467296856777283
TCGA-5M-AAT4-01A-11D-A40P-10	T[T>C]T	0.25691697595054996	0.10728508001649986	0.016493140275466202	0.619304803757484
TCGA-5M-AAT4-01A-11D-A40P-10	T[T>G]A	0.0037284707682697345	0.19994225354574668	0.026262762516326983	0.7700665131696566
TCGA-5M-AAT4-01A-11D-A40P-10	T[T>G]C	0.01941264256422187	0.20153220536560043	0.1955706718733793	0.5834844801967984
TCGA-5M-AAT4-01A-11D-A40P-10	T[T>G]G	0.06463501991095612	0.06243189610399565	0.06559754398165925	0.807335540003389
TCGA-5M-AAT4-01A-11D-A40P-10	T[T>G]T	5.141579350390304e-45	0.8283435815290866	0.05770264043269291	0.11395377803822047
TCGA-5M-AAT5-01A-21D-A40P-10	A[C>A]A	0.002681134365598456	0.002811200568072882	0.11387932276289399	0.8806283423034348
TCGA-5M-AAT5-01A-21D-A40P-10	A[C>A]C	0.011395784298958378	0.008063198975413409	0.0	0.9805410167256282
TCGA-5M-AAT5-01A-21D-A40P-10	A[C>A]G	0.006513201246823886	0.004697419261068412	0.007673071539459303	0.9811163079526484
TCGA-5M-AAT5-01A-21D-A40P-10	A[C>A]T	0.05580825507677413	0.07547354137086168	0.04761386883246179	0.8211043347199024
TCGA-5M-AAT5-01A-21D-A40P-10	A[C>G]A	0.00941164759472755	0.007707043485394285	0.24674419309026094	0.7361371158296173
TCGA-5M-AAT5-01A-21D-A40P-10	A[C>G]C	0.019471115075926155	0.003420644513264313	0.0722014430028832	0.9049067974079262
TCGA-5M-AAT5-01A-21D-A40P-10	A[C>G]G	0.026292264713953205	0.0008755129235358133	0.02405883397395026	0.9487733883885606
TCGA-5M-AAT5-01A-21D-A40P-10	A[C>G]T	0.03713094062470164	0.000955693055359734	0.005037760887826751	0.9568756054321118
TCGA-5M-AAT5-01A-21D-A40P-10	A[C>T]A	0.1432845155859794	0.0009402445781811069	0.3380390375615093	0.5177362022743301
TCGA-5M-AAT5-01A-21D-A40P-10	A[C>T]C	0.09676908963268503	0.01658006412072898	0.34051150747006675	0.5461393387765192
TCGA-5M-AAT5-01A-21D-A40P-10	A[C>T]G	0.030664764769000392	0.002578026718098049	0.7371976817032255	0.22955952680967603
TCGA-5M-AAT5-01A-21D-A40P-10	A[C>T]T	0.10459927206443945	0.022193312106084478	0.16083105154429894	0.7123763642851771
TCGA-5M-AAT5-01A-21D-A40P-10	A[T>A]A	0.02770044447302497	0.0071431348053340536	0.09921905544123177	0.8659373652804092
TCGA-5M-AAT5-01A-21D-A40P-10	A[T>A]C	0.09107991924814399	0.003794541578004598	0.07745424762181945	0.8276712915520319
TCGA-5M-AAT5-01A-21D-A40P-10	A[T>A]G	0.026553133414417035	0.00305416617671675	0.023885574855852788	0.9465071255530135
TCGA-5M-AAT5-01A-21D-A40P-10	A[T>A]T	0.11907555255537577	0.027956389211220643	0.1701961912012591	0.6827718670321444
TCGA-5M-AAT5-01A-21D-A40P-10	A[T>C]A	0.2085241249587168	0.03392530329164576	0.12263287675838737	0.6349176949912501
TCGA-5M-AAT5-01A-21D-A40P-10	A[T>C]C	0.22792525342126863	0.05332929882362921	0.26859228889316733	0.45015315886193485
TCGA-5M-AAT5-01A-21D-A40P-10	A[T>C]G	0.5256958672593294	0.018804902760645167	0.07331688917249068	0.3821823408075347
TCGA-5M-AAT5-01A-21D-A40P-10	A[T>C]T	0.05742790629183637	0.020480319217285835	0.07182508161556461	0.8502666928753132
TCGA-5M-AAT5-01A-21D-A40P-10	A[T>G]A	0.014775137132186214	0.043377335153031306	0.021505140580123042	0.9203423871346595
TCGA-5M-AAT5-01A-21D-A40P-10	A[T>G]C	0.15683149231237467	0.15702489744936257	0.0036053842886441053	0.6825382259496188
TCGA-5M-AAT5-01A-21D-A40P-10	A[T>G]G	0.020323977768128828	0.03675292990095607	0.30004648216536617	0.642876610165549
TCGA-5M-AAT5-01A-21D-A40P-10	A[T>G]T	0.03975852412336887	0.3030947035615333	0.09429257349411042	0.5628541988209873
TCGA-5M-AAT5-01A-21D-A40P-10	C[C>A]A	0.08512294115545989	0.009165869507081228	0.26983153332520604	0.6358796560122529
TCGA-5M-AAT5-01A-21D-A40P-10	C[C>A]C	0.2709464410720579	0.0032939288812049274	0.3841339172984167	0.3416257127483205
TCGA-5M-AAT5-01A-21D-A40P-10	C[C>A]G	0.23244487612552625	0.006144644955470074	0.5273787922314374	0.23403168668756624
TCGA-5M-AAT5-01A-21D-A40P-10	C[C>A]T	0.6644184838147255	0.0918203549800548	0.24376116120521982	0.0
TCGA-5M-AAT5-01A-21D-A40P-10	C[C>G]A	0.00017929860298775762	0.00038094873899622667	0.024518784478734186	0.9749209681792819
TCGA-5M-AAT5-01A-21D-A40P-10	C[C>G]C	0.005569445175133761	0.0015751459276805676	0.0013415965147165405	0.991513812382469
TCGA-5M-AAT5-01A-21D-A40P-10	C[C>G]G	0.0021147637790215243	0.0012372395900288713	0.16404125162399075	0.8326067450069589
TCGA-5M-AAT5-01A-21D-A40P-10	C[C>G]T	0.00613436253467321	0.0009651375092870859	0.05727726090243396	0.9356232390536058
TCGA-5M-AAT5-01A-21D-A40P-10	C[C>T]A	0.04255463073387252	0.003071185045509648	0.23354929410653263	0.7208248901140851
TCGA-5M-AAT5-01A-21D-A40P-10	C[C>T]C	0.07524912588605323	0.0034574564485674135	0.21970550206519304	0.7015879156001864
TCGA-5M-AAT5-01A-21D-A40P-10	C[C>T]G	0.03374580147497753	0.0008271040007536235	0.7211998420479074	0.2442272524763614
TCGA-5M-AAT5-01A-21D-A40P-10	C[C>T]T	0.07367726150492163	0.010270273946150031	0.1541284714792497	0.7619239930696786
TCGA-5M-AAT5-01A-21D-A40P-10	C[T>A]A	0.01734066993709704	0.0031244501078371905	0.022975924817836238	0.9565589551372295
TCGA-5M-AAT5-01A-21D-A40P-10	C[T>A]C	0.08549913654518342	0.004725393932874854	0.11826484701140953	0.7915106225105322
TCGA-5M-AAT5-01A-21D-A40P-10	C[T>A]G	0.030704202010077192	0.002836208528706074	0.01632634404679275	0.9501332454144241
TCGA-5M-AAT5-01A-21D-A40P-10	C[T>A]T	0.03021525592881282	0.006892374728451156	0.010438260659254883	0.9524541086834812
TCGA-5M-AAT5-01A-21D-A40P-10	C[T>C]A	0.36298656451305233	0.004271017778967667	0.0723001576492383	0.5604422600587416
TCGA-5M-AAT5-01A-21D-A40P-10	C[T>C]C	0.19880622712038729	0.01653871272900317	0.05447576534495069	0.7301792948056589
TCGA-5M-AAT5-01A-21D-A40P-10	C[T>C]G	0.5822918166824111	0.009115056452983869	0.14860619843595183	0.25998692842865306
TCGA-5M-AAT5-01A-21D-A40P-10	C[T>C]T	0.13765915699770875	0.005025059765967964	0.023280698503535535	0.8340350847327878
TCGA-5M-AAT5-01A-21D-A40P-10	C[T>G]A	0.06487822893357686	0.09987242186694593	0.06254686762612953	0.7727024815733478
TCGA-5M-AAT5-01A-21D-A40P-10	C[T>G]C	0.1973718455835353	0.018482570770110254	0.26179924841708013	0.5223463352292744
TCGA-5M-AAT5-01A-21D-A40P-10	C[T>G]G	0.1653789531701539	0.0331900724418556	0.17786501112986564	0.6235659632581249
TCGA-5M-AAT5-01A-21D-A40P-10	C[T>G]T	0.08885300450337703	0.0876433607289537	0.038268399437520945	0.7852352353301483
TCGA-5M-AAT5-01A-21D-A40P-10	G[C>A]A	0.010432350546178311	0.0030503790634835003	0.10676775267742172	0.8797495177129164
TCGA-5M-AAT5-01A-21D-A40P-10	G[C>A]C	0.06149772638342425	0.016753931069431894	0.10570951361924194	0.8160388289279019
TCGA-5M-AAT5-01A-21D-A40P-10	G[C>A]G	0.043281764881551256	0.0035626569701017667	0.09652886542743319	0.8566267127209137
TCGA-5M-AAT5-01A-21D-A40P-10	G[C>A]T	0.09576308246136693	0.052448763563234135	0.24086210051820453	0.6109260534571944
TCGA-5M-AAT5-01A-21D-A40P-10	G[C>G]A	0.00803026279350074	0.007406986255713815	0.16375517978878576	0.8208075711619996
TCGA-5M-AAT5-01A-21D-A40P-10	G[C>G]C	0.06586431996541937	0.010154784094400366	0.19369147840455792	0.7302894175356223
TCGA-5M-AAT5-01A-21D-A40P-10	G[C>G]G	0.03359846336496092	0.0	0.10024545220241626	0.8661560844326228
TCGA-5M-AAT5-01A-21D-A40P-10	G[C>G]T	0.014737022783408573	0.00563395675001605	0.1162091733128462	0.8634198471537291
TCGA-5M-AAT5-01A-21D-A40P-10	G[C>T]A	0.26954000012635854	0.007025314477369617	0.5346137482150896	0.18882093718118226
TCGA-5M-AAT5-01A-21D-A40P-10	G[C>T]C	0.323872300748795	0.05887774301480732	0.6084495071452819	0.008800449091115816
TCGA-5M-AAT5-01A-21D-A40P-10	G[C>T]G	0.0642641414233691	0.01627109764223128	0.8107193110450407	0.10874544988935889
TCGA-5M-AAT5-01A-21D-A40P-10	G[C>T]T	0.2689951208364925	0.08126267776803028	0.5234197575572725	0.12632244383820473
TCGA-5M-AAT5-01A-21D-A40P-10	G[T>A]A	0.06118849171133438	0.003405746993701439	0.005668487689206281	0.9297372736057579
TCGA-5M-AAT5-01A-21D-A40P-10	G[T>A]C	0.1690823379941536	0.004451954725170133	0.009524106086625145	0.816941601194051
TCGA-5M-AAT5-01A-21D-A40P-10	G[T>A]G	0.0813233982839964	0.0	0.034252943222452724	0.8844236584935509
TCGA-5M-AAT5-01A-21D-A40P-10	G[T>A]T	0.07604665974040738	0.010654171406330055	0.012981405242637424	0.9003177636106251
TCGA-5M-AAT5-01A-21D-A40P-10	G[T>C]A	0.5971999692786656	0.11281240272812673	0.20020632617284267	0.08978130182036487
TCGA-5M-AAT5-01A-21D-A40P-10	G[T>C]C	0.28473296851393165	0.17515557224315575	0.30479438053284735	0.23531707871006521
TCGA-5M-AAT5-01A-21D-A40P-10	G[T>C]G	0.7458297409550116	0.08981752424126575	0.15644373114992	0.007909003653802616
TCGA-5M-AAT5-01A-21D-A40P-10	G[T>C]T	0.21815920394074123	0.1077511186747403	0.24198745627287	0.43210222111164853
TCGA-5M-AAT5-01A-21D-A40P-10	G[T>G]A	0.003282787171746372	0.04315506630911681	0.13823621125067242	0.8153259352684644
TCGA-5M-AAT5-01A-21D-A40P-10	G[T>G]C	0.14086021869676985	0.1728610608501037	0.11882901353116494	0.5674497069219615
TCGA-5M-AAT5-01A-21D-A40P-10	G[T>G]G	0.03458432098436278	0.03504101404409136	0.09953247694490026	0.8308421880266457
TCGA-5M-AAT5-01A-21D-A40P-10	G[T>G]T	0.1279205263263328	0.11124346352854565	0.0	0.7608360101451215
TCGA-5M-AAT5-01A-21D-A40P-10	T[C>A]A	0.00013554065874813657	0.11338358836415523	0.019565275734100843	0.8669155952429959
TCGA-5M-AAT5-01A-21D-A40P-10	T[C>A]C	0.028279717710556918	0.03106511360771053	0.10282395678479789	0.8378312118969347
TCGA-5M-AAT5-01A-21D-A40P-10	T[C>A]G	0.02269296652540859	0.0191607449912627	0.07732097217662127	0.8808253163067076
TCGA-5M-AAT5-01A-21D-A40P-10	T[C>A]T	0.01928852362964993	0.9805731368265945	0.00013833954375556495	0.0
TCGA-5M-AAT5-01A-21D-A40P-10	T[C>G]A	0.0	0.00040586193929487044	0.024729059823152755	0.9748650782375524
TCGA-5M-AAT5-01A-21D-A40P-10	T[C>G]C	0.005682152491182781	0.0	0.019632549462670134	0.974685298046147
TCGA-5M-AAT5-01A-21D-A40P-10	T[C>G]G	0.0010517885722526777	0.0011479961926032917	0.03377034733350673	0.9640298679016372
TCGA-5M-AAT5-01A-21D-A40P-10	T[C>G]T	0.0007941800891314282	0.0	0.003676992139464268	0.9955288277714043
TCGA-5M-AAT5-01A-21D-A40P-10	T[C>T]A	0.024967132162751354	0.007012519581722282	0.08930584669865335	0.8787145015568731
TCGA-5M-AAT5-01A-21D-A40P-10	T[C>T]C	0.047755255281009934	0.044469116717776716	0.17873594305233087	0.7290396849488825
TCGA-5M-AAT5-01A-21D-A40P-10	T[C>T]G	0.01266522018828606	0.09598394022009277	0.7408832586856159	0.1504675809060053
TCGA-5M-AAT5-01A-21D-A40P-10	T[C>T]T	0.022600857727966352	0.08766957165424355	0.2010463265540136	0.6886832440637766
TCGA-5M-AAT5-01A-21D-A40P-10	T[T>A]A	0.02063171806597963	0.006190733298436693	0.0	0.9731775486355837
TCGA-5M-AAT5-01A-21D-A40P-10	T[T>A]C	0.020269655970718132	0.007867674834703521	0.00823100827987925	0.9636316609146991
TCGA-5M-AAT5-01A-21D-A40P-10	T[T>A]G	0.025499062760471855	0.007676272850968233	0.0034424396110996473	0.9633822247774602
TCGA-5M-AAT5-01A-21D-A40P-10	T[T>A]T	0.0039003757488696297	0.02825305673776519	0.011500910742511097	0.956345656770854
TCGA-5M-AAT5-01A-21D-A40P-10	T[T>C]A	0.18033800227575777	0.03615392238115197	0.26780969277995303	0.5156983825631374
TCGA-5M-AAT5-01A-21D-A40P-10	T[T>C]C	0.22969543341753504	0.10580881222351417	0.1410855584196234	0.5234101959393276
TCGA-5M-AAT5-01A-21D-A40P-10	T[T>C]G	0.3260034177793729	0.06175975378382792	0.4711043827221153	0.1411324457146839
TCGA-5M-AAT5-01A-21D-A40P-10	T[T>C]T	0.12815848387388776	0.07071923949838317	0.03414861440087957	0.7669736622268496
TCGA-5M-AAT5-01A-21D-A40P-10	T[T>G]A	0.001629023189935747	0.1154369383296586	0.04762687704177316	0.8353071614386325
TCGA-5M-AAT5-01A-21D-A40P-10	T[T>G]C	0.0076245389563411835	0.10459648247694045	0.31882166957410907	0.5689573089926093
TCGA-5M-AAT5-01A-21D-A40P-10	T[T>G]G	0.026667195479391226	0.03403765838570649	0.11233425549081226	0.8269608906440901
TCGA-5M-AAT5-01A-21D-A40P-10	T[T>G]T	3.1796810396477386e-45	0.6769260365714969	0.14811460186866346	0.1749593615598397
TCGA-5M-AAT6-01A-11D-A40P-10	A[C>A]A	0.14651912150771132	0.0	0.8534808784922887	0.0
TCGA-5M-AAT6-01A-11D-A40P-10	A[C>A]C	1.0	0.0	0.0	0.0
TCGA-5M-AAT6-01A-11D-A40P-10	A[C>A]G	0.8609073011287253	0.0	0.13909269887127473	0.0
TCGA-5M-AAT6-01A-11D-A40P-10	A[C>A]T	0.8952503199271297	0.0	0.1047496800728703	0.0
TCGA-5M-AAT6-01A-11D-A40P-10	A[C>G]A	0.2176060662291491	0.0	0.7823939337708509	0.0
TCGA-5M-AAT6-01A-11D-A40P-10	A[C>G]C	0.6628909885289972	0.0	0.3371090114710028	0.0
TCGA-5M-AAT6-01A-11D-A40P-10	A[C>G]G	0.888499466950197	0.0	0.11150053304980306	0.0
TCGA-5M-AAT6-01A-11D-A40P-10	A[C>G]T	0.9817329606479707	0.0	0.018267039352029224	0.0
TCGA-5M-AAT6-01A-11D-A40P-10	A[C>T]A	0.7555440639265268	0.0	0.2444559360734731	0.0
TCGA-5M-AAT6-01A-11D-A40P-10	A[C>T]C	0.6745003578812294	0.0	0.3254996421187705	0.0
TCGA-5M-AAT6-01A-11D-A40P-10	A[C>T]G	0.2327210909772348	0.0	0.7672789090227652	0.0
TCGA-5M-AAT6-01A-11D-A40P-10	A[C>T]T	0.8258526073404097	0.0	0.17414739265959026	0.0
TCGA-5M-AAT6-01A-11D-A40P-10	A[T>A]A	0.6705890654241525	0.0	0.3294109345758475	0.0
TCGA-5M-AAT6-01A-11D-A40P-10	A[T>A]C	0.8955549128847563	0.0	0.10444508711524374	0.0
TCGA-5M-AAT6-01A-11D-A40P-10	A[T>A]G	0.8901823620301562	0.0	0.10981763796984387	0.0
TCGA-5M-AAT6-01A-11D-A40P-10	A[T>A]T	0.8361064071538454	0.0	0.16389359284615462	0.0
TCGA-5M-AAT6-01A-11D-A40P-10	A[T>C]A	0.9253659010687231	0.0	0.07463409893127695	0.0
TCGA-5M-AAT6-01A-11D-A40P-10	A[T>C]C	0.8608724612891486	0.0	0.13912753871085137	0.0
TCGA-5M-AAT6-01A-11D-A40P-10	A[T>C]G	0.9812321540088278	0.0	0.01876784599117219	0.0
TCGA-5M-AAT6-01A-11D-A40P-10	A[T>C]T	0.853588585323468	0.0	0.14641141467653201	0.0
TCGA-5M-AAT6-01A-11D-A40P-10	A[T>G]A	0.8336037232864645	0.0	0.16639627671353546	0.0
TCGA-5M-AAT6-01A-11D-A40P-10	A[T>G]C	0.9968571445580953	0.0	0.003142855441904713	0.0
TCGA-5M-AAT6-01A-11D-A40P-10	A[T>G]G	0.33061520453782006	0.0	0.66938479546218	0.0
TCGA-5M-AAT6-01A-11D-A40P-10	A[T>G]T	0.7545732772096313	0.0	0.24542672279036873	0.0
TCGA-5M-AAT6-01A-11D-A40P-10	C[C>A]A	0.6969954177177975	0.0	0.3030045822822024	0.0
TCGA-5M-AAT6-01A-11D-A40P-10	C[C>A]C	0.8372165645851454	0.0	0.16278343541485454	0.0
TCGA-5M-AAT6-01A-11D-A40P-10	C[C>A]G	0.7626867118501003	0.0	0.23731328814989966	0.0
TCGA-5M-AAT6-01A-11D-A40P-10	C[C>A]T	0.9520954791877456	0.0	0.04790452081225441	0.0
TCGA-5M-AAT6-01A-11D-A40P-10	C[C>G]A	0.05062251353691233	0.0	0.9493774864630877	0.0
TCGA-5M-AAT6-01A-11D-A40P-10	C[C>G]C	0.9680207803798587	0.0	0.031979219620141296	0.0
TCGA-5M-AAT6-01A-11D-A40P-10	C[C>G]G	0.08592461775209437	0.0	0.9140753822479056	0.0
TCGA-5M-AAT6-01A-11D-A40P-10	C[C>G]T	0.43849669337444847	0.0	0.5615033066255516	0.0
TCGA-5M-AAT6-01A-11D-A40P-10	C[C>T]A	0.5705578825879011	0.0	0.42944211741209887	0.0
TCGA-5M-AAT6-01A-11D-A40P-10	C[C>T]C	0.714072947704174	0.0	0.28592705229582605	0.0
TCGA-5M-AAT6-01A-11D-A40P-10	C[C>T]G	0.2543911442924799	0.0	0.7456088557075201	0.0
TCGA-5M-AAT6-01A-11D-A40P-10	C[C>T]T	0.7770643295096685	0.0	0.22293567049033142	0.0
TCGA-5M-AAT6-01A-11D-A40P-10	C[T>A]A	0.8462308611822351	0.0	0.15376913881776483	0.0
TCGA-5M-AAT6-01A-11D-A40P-10	C[T>A]C	0.8405480966845146	0.0	0.1594519033154855	0.0
TCGA-5M-AAT6-01A-11D-A40P-10	C[T>A]G	0.9320333630573494	0.0	0.06796663694265062	0.0
TCGA-5M-AAT6-01A-11D-A40P-10	C[T>A]T	0.9547653034059979	0.0	0.04523469659400214	0.0
TCGA-5M-AAT6-01A-11D-A40P-10	C[T>C]A	0.9734100385600197	0.0	0.02658996143998032	0.0
TCGA-5M-AAT6-01A-11D-A40P-10	C[T>C]C	0.9637819279362625	0.0	0.036218072063737464	0.0
TCGA-5M-AAT6-01A-11D-A40P-10	C[T>C]G	0.9661834705792168	0.0	0.03381652942078322	0.0
TCGA-5M-AAT6-01A-11D-A40P-10	C[T>C]T	0.977332356637016	0.0	0.022667643362983984	0.0
TCGA-5M-AAT6-01A-11D-A40P-10	C[T>G]A	0.8832247032499164	0.0	0.11677529675008352	0.0
TCGA-5M-AAT6-01A-11D-A40P-10	C[T>G]C	0.8460881678499484	0.0	0.15391183215005153	0.0
TCGA-5M-AAT6-01A-11D-A40P-10	C[T>G]G	0.8714618982101218	0.0	0.12853810178987826	0.0
TCGA-5M-AAT6-01A-11D-A40P-10	C[T>G]T	0.9442277538769526	0.0	0.05577224612304755	0.0
TCGA-5M-AAT6-01A-11D-A40P-10	G[C>A]A	0.41604944821462725	0.0	0.5839505517853727	0.0
TCGA-5M-AAT6-01A-11D-A40P-10	G[C>A]C	0.8092335181196876	0.0	0.1907664818803124	0.0
TCGA-5M-AAT6-01A-11D-A40P-10	G[C>A]G	0.7657777383725268	0.0	0.23422226162747314	0.0
TCGA-5M-AAT6-01A-11D-A40P-10	G[C>A]T	0.7435275982073076	0.0	0.2564724017926923	0.0
TCGA-5M-AAT6-01A-11D-A40P-10	G[C>G]A	0.26338993159797797	0.0	0.736610068402022	0.0
TCGA-5M-AAT6-01A-11D-A40P-10	G[C>G]C	0.712603513626987	0.0	0.28739648637301296	0.0
TCGA-5M-AAT6-01A-11D-A40P-10	G[C>G]G	0.7096306264298647	0.0	0.29036937357013526	0.0
TCGA-5M-AAT6-01A-11D-A40P-10	G[C>G]T	0.48043580422841003	0.0	0.51956419577159	0.0
TCGA-5M-AAT6-01A-11D-A40P-10	G[C>T]A	0.7861553203780368	0.0	0.2138446796219631	0.0
TCGA-5M-AAT6-01A-11D-A40P-10	G[C>T]C	0.7951361129774425	0.0	0.20486388702255756	0.0
TCGA-5M-AAT6-01A-11D-A40P-10	G[C>T]G	0.36628492080906716	0.0	0.6337150791909328	0.0
TCGA-5M-AAT6-01A-11D-A40P-10	G[C>T]T	0.7893549572334838	0.0	0.21064504276651624	0.0
TCGA-5M-AAT6-01A-11D-A40P-10	G[T>A]A	0.9874545065232357	0.0	0.012545493476764188	0.0
TCGA-5M-AAT6-01A-11D-A40P-10	G[T>A]C	0.9923342061705626	0.0	0.007665793829437526	0.0
TCGA-5M-AAT6-01A-11D-A40P-10	G[T>A]G	0.9453906660648133	0.0	0.054609333935186674	0.0
TCGA-5M-AAT6-01A-11D-A40P-10	G[T>A]T	0.9771248054606165	0.0	0.022875194539383435	0.0
TCGA-5M-AAT6-01A-11D-A40P-10	G[T>C]A	0.9560448778131011	0.0	0.043955122186898926	0.0
TCGA-5M-AAT6-01A-11D-A40P-10	G[T>C]C	0.8719874298361462	0.0	0.1280125701638538	0.0
TCGA-5M-AAT6-01A-11D-A40P-10	G[T>C]G	0.9720375823935444	0.0	0.02796241760645553	0.0
TCGA-5M-AAT6-01A-11D-A40P-10	G[T>C]T	0.8679635089775272	0.0	0.13203649102247272	0.0
TCGA-5M-AAT6-01A-11D-A40P-10	G[T>G]A	0.1476013893774756	0.0	0.8523986106225244	0.0
TCGA-5M-AAT6-01A-11D-A40P-10	G[T>G]C	0.8963038594011619	0.0	0.10369614059883818	0.0
TCGA-5M-AAT6-01A-11D-A40P-10	G[T>G]G	0.717003984520886	0.0	0.282996015479114	0.0
TCGA-5M-AAT6-01A-11D-A40P-10	G[T>G]T	1.0	0.0	0.0	0.0
TCGA-5M-AAT6-01A-11D-A40P-10	T[C>A]A	0.048084892095020065	0.0	0.9519151079049799	0.0
TCGA-5M-AAT6-01A-11D-A40P-10	T[C>A]C	0.6672689393526748	0.0	0.33273106064732516	0.0
TCGA-5M-AAT6-01A-11D-A40P-10	T[C>A]G	0.6815321609188946	0.0	0.3184678390811053	0.0
TCGA-5M-AAT6-01A-11D-A40P-10	T[C>A]T	0.999017361941964	0.0	0.000982638058035977	0.0
TCGA-5M-AAT6-01A-11D-A40P-10	T[C>G]A	0.0	0.0	1.0	0.0
TCGA-5M-AAT6-01A-11D-A40P-10	T[C>G]C	0.6784970448693779	0.0	0.3215029551306221	0.0
TCGA-5M-AAT6-01A-11D-A40P-10	T[C>G]G	0.1850713919474919	0.0	0.8149286080525081	0.0
TCGA-5M-AAT6-01A-11D-A40P-10	T[C>G]T	0.6116354674216538	0.0	0.3883645325783463	0.0
TCGA-5M-AAT6-01A-11D-A40P-10	T[C>T]A	0.6708927122494919	0.0	0.329107287750508	0.0
